depth,2014-02-18,2014-03-26,2014-04-22,2014-05-19,2014-06-24,2014-07-22,2014-08-12,2014-09-08,2014-10-07,2014-11-11,2014-12-08,2015-01-13,2015-02-10,2015-03-10,2015-04-14,2015-06-09,2015-07-14,2015-08-10,2015-09-09,2015-10-06,2016-01-19,2016-02-16,2016-03-01,2016-04-12,2016-05-17,2016-06-14,2016-07-12,2016-08-09,2016-09-06,2016-10-11,2016-11-08,2016-12-05,2017-02-07,2017-03-13,2017-04-18,2017-05-16,2017-06-13,2017-07-11,2017-08-08,2017-09-12,2017-10-12,2017-11-07,2017-12-13,2018-01-11,2018-02-07,2018-03-13,2018-04-10,2018-05-15,2018-06-12,2018-07-17,2018-08-14,2018-09-11,2018-09-24,2018-11-14,2018-12-12,2019-02-12,2019-03-12,2019-04-09,2019-05-14,2019-06-12,2019-07-12,2019-08-13,2019-09-10,2020-02-11,2020-05-12,2020-06-09,2020-07-14,2020-08-11,2020-09-08,2020-10-13,2020-11-10,2020-12-08,2021-01-19,2021-02-16,2021-03-16,2021-04-13,2021-05-11,2021-06-08,2021-07-13,2021-08-10,2021-09-07,2021-10-12,2021-11-09,2021-12-07,2022-01-18,2022-02-08,2022-03-08,2022-04-05,2022-05-10,2022-06-14,2022-07-12,2022-08-09,2022-09-06,2022-10-18,2022-11-08,2022-12-06,2023-01-17,2023-02-14,2023-03-14,2023-04-11,2023-05-09,2023-06-13,2023-07-18,2023-08-16,2023-09-05,2023-10-18,2023-11-14,2023-12-05
0.0,N/A,N/A,N/A,N/A,N/A,N/A,N/A,N/A,N/A,N/A,N/A,N/A,N/A,N/A,N/A,N/A,N/A,N/A,N/A,N/A,N/A,N/A,N/A,N/A,N/A,N/A,N/A,N/A,N/A,N/A,N/A,N/A,N/A,N/A,N/A,N/A,N/A,N/A,N/A,N/A,N/A,N/A,N/A,2.21666752320316,2.32434810611157,6.90327831511639,2.7602313181999,1.67518279309999,2.4315777461333,1.99839965,0.477651023512644,2.01805707235691,1.47525791598453,1.33098930095946,0.87639244410848,1.82915565159936,3.98357089583829,2.04256564652089,1.45726326039622,0.974589176838661,2.352355957,1.28503418,0.895887055027261,1.50893460155957,1.754760742,1.67735317541106,2.961853027,1.67401123,1.403198242,1.127563477,9.163879395,2.277770996,1.54962235462478,1.96821193035361,2.84086014851514,1.62369324275345,0.926400103568937,0.720408253363974,1.953125,0.519193643243125,0.44913948469605,1.236022949,1.74997816793094,1.54907978872242,1.05928739656953,0.979100556514036,1.0911429788913163,1.25023738399349,1.0823676124796,1.69124626916642,0.975624004372767,1.37017879869354,0.784739475923722,1.15327945366444,1.227209628785,1.0129428336575,1.57967469406605,0.998591489541077,1.42742035856676,0.86370132411159,0.701195132,0.834986180074791,0.93788518175802,1.28292991554747,1.55316032725911,16.0361631822911,1.74415872829866,2.34050170948276
0.1,N/A,0.296,0.76,0.69,0.33,0.52,0.77,0.8,1.34,1.51,1.83,2.39,1.55,1.17,0.64,0.58,0.84,0.83,0.88,0.91,1.41,0.0,1.85,1.04,0.53,0.35,0.84,0.58,0.45,0.44,0.96,1.01,1.1,2.05,0.63,0.39,0.96,0.47,0.68,0.81,0.49,0.69,1.37,N/A,N/A,N/A,N/A,N/A,N/A,N/A,N/A,N/A,N/A,N/A,N/A,N/A,N/A,N/A,N/A,N/A,N/A,N/A,N/A,N/A,N/A,N/A,N/A,N/A,N/A,N/A,N/A,N/A,N/A,N/A,N/A,N/A,N/A,N/A,N/A,N/A,N/A,N/A,N/A,N/A,N/A,N/A,N/A,N/A,N/A,N/A,N/A,N/A,N/A,N/A,N/A,N/A,N/A,N/A,N/A,N/A,N/A,N/A,N/A,N/A,N/A,N/A,N/A,N/A
0.5,N/A,N/A,N/A,0.68,N/A,N/A,N/A,N/A,N/A,N/A,N/A,N/A,N/A,N/A,N/A,N/A,N/A,N/A,N/A,N/A,N/A,N/A,N/A,N/A,N/A,N/A,N/A,N/A,N/A,N/A,N/A,N/A,N/A,N/A,N/A,N/A,N/A,N/A,N/A,N/A,N/A,N/A,N/A,N/A,N/A,N/A,N/A,N/A,N/A,N/A,N/A,N/A,N/A,N/A,N/A,N/A,N/A,N/A,N/A,N/A,N/A,N/A,N/A,N/A,N/A,N/A,N/A,N/A,N/A,N/A,N/A,N/A,N/A,N/A,N/A,N/A,N/A,N/A,N/A,N/A,N/A,N/A,N/A,N/A,N/A,N/A,N/A,N/A,N/A,N/A,N/A,N/A,N/A,N/A,N/A,N/A,N/A,N/A,N/A,N/A,N/A,N/A,N/A,N/A,N/A,N/A,N/A,N/A
1.0,,,1.29,0.66,0.82,0.51,0.76,0.89,1.35,1.29,1.64,2.04,1.48,1.16,0.67,0.61,0.78,0.72,0.88,1.05,1.43,2.16,2.32,1.0,1.01,0.41,0.77,0.58,0.5,0.44,0.93,1.0,1.06,1.67,0.64,0.43,0.92,0.49,0.74,0.82,0.49,0.75,1.73,1.01881825154493,3.02061244251793,6.94053104400226,2.88373214931461,1.68632055212087,2.42425305559044,2.20164502,1.39198469460848,2.02075597063942,1.5247616210493,1.94254721556723,1.30707289195659,2.16831808698167,4.06457487744169,2.39912152601345,1.78751067287069,1.08932862876049,2.352355957,1.28503418,1.04034675172125,1.76355011716345,1.754760742,1.67845492257916,2.961853027,1.67401123,1.403198242,1.12756754315686,9.163879395,2.277770996,1.65367443905157,2.11683084517024,3.19805264369278,1.92278546455507,0.973024342932688,1.01655828610692,1.953125,0.548766589934011,0.723100253341226,1.22220807908337,2.02769106241217,1.63318485527796,1.04726566553604,1.40330476394944,1.3843207341240646,1.31972506331484,1.12880723797455,1.77976468152486,1.25217296405455,1.46967366795364,1.14565722229436,1.44391989371876,1.48388870355358,1.25237491703864,1.83724705646751,1.32849283924689,2.02283703104376,0.93884664989773,0.701195132,0.988712958613025,1.31548376098925,1.38012009080824,1.52201728461216,12.7517206309165,1.95714971628412,2.16795352084762
2.0,N/A,,1.34,0.67,1.02,0.5,0.82,0.88,1.87,1.78,1.8,1.92,1.51,1.89,0.66,0.62,0.82,0.84,0.86,1.05,1.38,2.99,2.53,0.98,0.57,0.41,0.79,0.57,0.47,0.44,0.96,1.0,1.55,1.82,0.63,0.47,0.92,0.51,0.85,0.85,0.37,0.8,1.66,31.2439653137264,2.30315668597575,6.99104582286488,2.86386488862783,1.77593515988785,2.28162873507596,2.48023833,1.56052826300115,2.16628469325293,1.55562209061642,1.95328283473085,1.50785511892045,2.27282767723282,18.8416349900246,3.09541895789998,1.84527146005431,1.26762706205061,2.352355957,1.28503418,1.12317540484185,2.02416976012884,1.754760742,1.79932967230075,2.961853027,1.67401123,1.403198242,1.1238795982425,9.163879395,2.277770996,1.81487852258651,2.44863055075189,3.30230225693431,2.66956817315236,1.07847783932714,1.19191182127515,1.953125,0.816914794386968,1.13563393443293,1.47308817328664,2.77386446488596,1.79386885117977,1.32073515251666,1.69427426413395,1.8898213754237783,1.58572151723244,1.3598920453953,1.82163725450502,1.40101357810379,1.58142396666731,1.38066994731104,1.96176062743481,1.81153250331261,1.37121764719368,2.06708193037919,1.60731048720398,2.74104799378002,1.69318478725621,0.683586050128007,1.13988599826921,1.58532955667489,1.47446914796399,1.60297289547197,13.5435209261031,2.00872379807126,2.1199799913653
3.0,N/A,,1.38,0.68,1.06,0.5,0.88,0.9,1.93,2.82,1.82,1.98,3.16,1.91,0.66,0.62,0.84,0.87,1.37,1.07,1.7,2.9,,1.47,0.65,0.41,0.8,0.59,0.45,0.43,1.03,1.05,1.21,1.84,0.64,0.44,0.92,0.52,0.9,1.33,0.41,0.9,1.65,11.0606366274759,25.1661547623779,7.05755484759098,3.087250385169,1.89098655565649,2.21490246527977,2.57266387,1.63817652783101,2.08225894449699,1.77225975686802,2.28840033308859,1.66821815458078,3.04901028836271,16.561252174742,3.53005256524928,1.88029194569738,1.28751002536178,2.352355957,1.28719037482342,1.27388076256738,2.38714053407152,1.7557720219717,2.03484760494059,2.961853027,1.67401123,1.403198242,1.19680558101016,9.163879395,2.277770996,2.04753942383261,3.09630227655755,3.37434090878752,3.12218223436465,1.20387938242042,1.33661537903113,1.953125,1.04849242721433,1.45381453027812,2.03998898268267,3.25033682106601,1.95196564639125,1.87943896071345,2.18400967603995,2.911098270336448,1.8922402213908,1.56587262460089,1.8572482594064,1.55727399720165,1.79752927305411,1.70660033663136,2.76312761386689,2.10413359062594,1.54469913615115,2.2692024213264,1.85794210427593,3.35990725210787,1.80062644889918,0.952364911596185,1.38434751591327,1.71048828096638,1.48558262878403,1.62851855979579,14.6750638893226,2.2200282558251,2.10388232021499
4.0,N/A,,1.4,0.71,1.08,0.55,1.01,0.94,2.06,3.24,2.59,3.23,3.87,2.8,0.67,0.65,0.86,1.53,1.44,1.97,1.73,,4.27,1.89,0.68,0.42,0.84,0.67,0.44,0.51,1.69,1.56,1.46,1.86,0.66,0.49,1.44,0.54,1.08,1.54,0.45,0.96,1.7,7.01663305838971,17.4859366352102,7.13989787805945,3.08143131310026,1.86976971479615,2.31676265010441,2.64827663,1.6715201980565,2.12644972211808,2.23070069306715,2.7448581927591,1.93150066532298,1.94219619625928,5.60160869864723,3.96673659951312,2.05975744146561,1.15275131529743,2.35359558574874,1.28643791570871,1.61356741500238,3.0380620755946,1.72389909585206,2.50356824853594,2.95790506533095,1.67405184616168,1.40351310236532,1.23866967084748,9.16144556525239,2.27747965749328,2.51390925849822,3.55160950594828,3.36314633568856,3.41053928677774,1.31258842232232,1.45763762118104,1.953125,1.10570910038665,1.64093123175854,2.30212535349914,4.53111215677005,2.47577865589067,2.24578103134121,2.36454741064719,3.8374599117384744,2.40745178970621,1.70964592848971,1.88481598516688,1.75593446109623,2.10001717109136,1.84889378257415,2.97259310230017,2.40120697322963,1.86669209528753,2.44335097706765,2.13254315830183,3.35350038268433,1.90912030901397,1.17252663995699,1.58465281848313,1.793429276049,1.58769667712421,1.6637669997575,16.4072983883524,2.40304612335708,2.2018653602975
4.4,3.256,N/A,N/A,N/A,N/A,N/A,N/A,N/A,N/A,N/A,N/A,N/A,N/A,N/A,N/A,N/A,N/A,N/A,N/A,N/A,N/A,N/A,N/A,N/A,N/A,N/A,N/A,N/A,N/A,N/A,N/A,N/A,N/A,N/A,N/A,N/A,N/A,N/A,N/A,N/A,N/A,N/A,N/A,N/A,N/A,N/A,N/A,N/A,N/A,N/A,N/A,N/A,N/A,N/A,N/A,N/A,N/A,N/A,N/A,N/A,N/A,N/A,N/A,N/A,N/A,N/A,N/A,N/A,N/A,N/A,N/A,N/A,N/A,N/A,N/A,N/A,N/A,N/A,N/A,N/A,N/A,N/A,N/A,N/A,N/A,N/A,N/A,N/A,N/A,N/A,N/A,N/A,N/A,N/A,N/A,N/A,N/A,N/A,N/A,N/A,N/A,N/A,N/A,N/A,N/A,N/A,N/A,N/A
5.0,,,1.42,0.73,1.61,0.56,1.12,1.0,2.42,,,,3.63,2.84,0.69,0.68,1.49,1.63,1.52,2.0,2.19,3.96,4.17,2.34,0.76,0.45,0.85,0.71,0.44,0.58,1.89,1.36,1.23,1.84,0.67,1.09,1.55,1.1,1.28,1.53,0.57,1.05,2.24,6.86570001654243,6.91332083448768,7.23747423873454,2.99565821648258,1.90442485777723,2.19554363788494,2.68940534,1.70767872659708,2.15407851111725,2.49525011155662,3.23730363545138,2.08385836187816,24.6587715681836,5.52757079009542,4.5253614878663,1.98250893903318,1.3263246020965,2.29095369399819,1.31230461639827,1.91539613701892,3.5059780840646,2.21922349917013,2.75317952484598,3.20749745527481,1.67460436601034,1.39693953930609,1.43623249523134,9.14933090245521,2.29015195933526,2.86805884524064,3.80952133386299,3.26162898246598,3.76621209839942,1.45249983880067,1.61175928121958,1.95185975699795,1.25895901879265,1.81139827273605,2.56477486821011,26.2594666844734,2.76107903614135,2.4663226247565,2.71819009231315,3.9430562408530245,2.58294317715721,1.78050001330992,1.97657702474235,1.73924695777651,2.1403053214201,1.9557878292155,3.2758421708231,2.92743387333541,2.2237739928759,2.5898139172453,2.65549008916897,3.18738265253364,2.22442887141092,1.42873721254305,1.88387197367435,2.30946119730335,2.09069714692348,1.99937298699606,18.1010349443932,2.5154581278725,2.72392894170199
6.0,N/A,,1.43,1.32,1.95,0.65,1.22,1.39,,,3.72,,4.37,,0.7,0.72,1.78,1.95,2.09,2.75,2.19,3.55,4.25,1.96,0.77,0.48,0.88,1.14,0.48,0.7,1.73,1.52,1.28,1.78,1.16,0.98,1.99,1.06,1.32,1.55,0.64,1.16,2.2,6.7939528360803,5.4448997416156,7.35265093533734,2.94286426628724,1.94097722875151,2.33619479911911,2.66487382,1.70379009008636,2.21467255703945,2.41301902543515,3.40563861399567,2.15694832042345,7.50661049646806,5.96115981925838,4.39949638390901,1.74798064617541,1.44883326605425,2.2720396055806,1.31404040193345,2.08815409138709,4.2953609007946,2.27708950294712,3.79364700578582,3.75492828767386,1.65157851414355,1.51794829916206,1.44074435006442,10.0052594166138,2.38922446616185,3.2671754556451,4.13775699947666,3.06754572243729,3.71346389080098,1.6026096734585,1.62640398083856,1.97518621609876,1.36582624059106,2.06920826156526,3.16164329371708,7.05388348684642,3.14139449977667,2.77062972852524,3.40239001855089,3.5194460841356143,2.50912583526401,1.958751300618,2.03995507798602,1.77361594734294,1.99808544003282,2.11030813917769,3.76001390663761,2.92661344257885,2.53510055527025,2.70851376450943,2.84778806689453,3.8933712388888,2.29408345087643,1.68730048468175,1.92719829689459,2.54836498537172,2.82421216651675,2.38821935919756,21.5364916191803,2.68189542509252,3.4324651729378
7.0,N/A,0.592,1.43,1.64,1.95,0.72,1.27,1.77,,4.49,4.03,4.34,4.13,4.08,0.7,0.81,1.67,1.75,2.37,2.58,2.19,3.47,4.17,2.32,0.9,0.55,0.91,0.99,0.51,0.75,1.87,1.52,2.03,1.75,1.01,0.92,1.53,1.02,1.3,1.55,0.79,1.36,2.16,6.84747056190744,5.50154862541772,7.48382569670171,2.78826377199504,2.06593163722526,2.32205995010361,2.76974335,1.5701990759561,2.18289577273117,2.22202840490961,3.24106499933674,2.19915759083122,4.90475711207543,6.04168355618064,4.1325987238273,1.64450964321431,1.51301469879665,2.42898506495275,1.30680824181725,2.25812151008985,3.29328429729057,2.46068650628542,4.58735921789104,3.95443983375619,1.62784423415893,1.6235413449841,1.42999509626274,10.8014463125164,2.43258327588192,3.68678377497097,4.30435077917658,3.06536374705464,3.81240528469647,1.70822674693081,1.66095056963489,2.16147523950823,1.47835213970054,2.25580889682941,3.03333619480648,6.00428362153697,3.68212124373606,3.08079006903045,3.04780171939128,2.8433796743192263,2.60691892393492,2.04285375123075,2.00055634270176,1.85336413596929,2.16674695313668,2.15895002630147,3.8348934548259,3.10711819805907,2.51852376860745,2.79879691019083,3.21783255095553,3.89776523523759,2.40381798128195,1.76706039761407,2.0810493750997,2.99741578340759,3.58038894592869,2.65897897312578,25.4755080115887,2.80774676009435,3.7973275871715
8.0,N/A,,1.46,1.51,2.0,0.8,1.29,2.18,3.66,3.51,3.84,4.26,3.93,5.37,1.24,0.89,1.71,1.74,2.23,2.5,2.18,3.47,4.37,2.31,1.03,0.6,1.07,1.01,0.6,0.78,1.83,1.54,1.36,1.76,1.25,1.05,1.99,1.03,1.28,1.58,0.86,1.93,2.17,7.38533355996077,5.43228138714094,7.65578900773211,2.73095039245034,2.48374933702068,2.47000430420615,2.56662595,1.73857457610175,2.29484462786099,1.98517661600094,3.42889233549572,2.23099642991807,5.54684154211069,5.93864866256448,2.90924283680155,1.62868083011988,1.69188293561489,2.41315706369987,1.33012971423677,2.4280929022384,26.2218255279433,2.55546423149396,4.67680997921296,4.06293925523791,1.69475911112292,1.64050145485342,1.63065158747594,10.4255280710426,2.53758158395411,3.7774716879438,4.14722744317634,2.9781576718572,3.72379914562476,1.86952807338574,1.71449184019924,1.95846110681337,1.57392536665824,2.51617243172049,2.84038175562464,6.42652109624621,4.20847342682901,3.09839958551146,3.21124265921163,2.456681668659738,2.64825330021177,2.09815869803281,2.06976666412084,1.93890880421084,2.21192045383099,2.17913242240242,4.16400320171752,3.1280379459608,2.60088714091893,2.86041832865573,3.19726684902186,2.81623731710798,2.68580209590217,1.86040788092803,2.25298621127456,3.33532310352888,3.86815848331981,2.95707791801698,26.6328264256508,3.13159720539273,3.7064975658043
9.0,N/A,,1.49,1.55,1.89,0.83,1.34,2.36,3.45,4.13,3.73,4.25,3.73,4.92,1.13,0.93,1.73,1.71,2.3,2.48,2.16,3.36,4.2,2.28,1.07,0.71,1.11,1.08,0.63,1.32,1.81,1.56,1.55,2.06,1.3,1.03,1.55,1.03,1.25,1.56,0.89,1.75,2.19,7.07369251545694,5.19477315812166,7.857319201311,2.64064769511593,2.59764470796114,2.29534374546665,2.54678305,1.83197938980276,2.28362455247731,1.82573905399503,3.57509348991355,2.1381334908928,2.99483863492417,5.61877481710187,2.41742144295706,1.57022131138773,1.61414570470208,2.31575751205733,1.31672746925469,2.43351317869578,20.1394448946763,2.48880429633163,2.18058366992287,3.81696098473453,1.72941008398353,1.6266953293926,1.87520244799548,8.94808229774296,2.42349200173355,3.66166231140433,4.21387902318558,2.90349673755539,3.6997834433527,2.17935294121414,1.72813694628608,1.98113682276633,1.65694690920311,2.88186850259204,2.95830096357396,7.16672392697928,3.21519877562157,3.19533435623092,3.52900204702859,2.2860200269350823,2.41055639779929,2.21806287320166,1.93457727019879,1.87285944363926,2.12215850611881,2.21409801269599,4.37028547704836,3.02675260381256,2.61302287621284,2.88906625803427,3.3558049813955,21.2089756520696,2.66877949287618,1.91708920949934,2.11962926163634,3.50207764276823,4.03773767887245,2.99803273280678,27.9045983751458,2.98652438003118,3.8593656482549
10.0,,,1.46,1.59,1.82,0.92,1.36,2.27,3.36,4.1,3.59,4.46,3.37,4.96,1.13,0.96,1.75,1.79,2.35,2.47,2.12,3.31,4.19,2.28,1.15,0.81,1.16,1.07,0.73,1.27,1.8,1.59,2.0,1.82,1.17,1.01,1.67,1.02,1.23,1.57,0.91,1.73,2.71,6.50508417770312,4.87361665894362,8.07093172745522,2.40217305967052,2.62256442401315,2.45534124240645,2.76440359,2.06297368537679,2.51985815707957,1.5826478922636,3.45603064944237,2.03919514790871,4.11271801578336,3.51141125489414,2.49174809999664,1.64233073714629,1.65982958592497,2.34212066140401,1.48881918276631,2.44102870080805,6.46010297292796,2.79725938915484,4.0333061183373,3.63976613963412,1.72766719179522,1.56059567278034,1.98333424512406,7.6360614500868,2.38911540454759,3.47031334155601,4.4224754319293,2.76606482224003,4.04162221904919,2.450030225734,1.82481294101444,1.95939904845633,1.74316470135854,3.18942863551586,3.10430227681885,6.55431960801931,28.2754355707944,3.4451797189571,3.41320747716776,2.0113251096922706,2.24621020391248,2.18055311132406,1.89162761417991,1.85561034876275,2.2049966332486,2.30153499032598,4.15287036424992,2.88270045604641,2.60723372079059,2.8607379934996,3.31068230097802,14.6545589718892,2.57086518506893,2.051501905181,2.18746016008847,3.36480533793325,4.12413801228946,3.14553072269501,29.2340483586743,3.41868206340645,3.82835399452984
11.0,N/A,,1.57,1.66,1.14,0.97,1.38,2.07,3.27,4.1,3.44,4.41,2.98,5.0,1.22,0.93,1.75,1.78,2.35,2.5,2.12,3.24,3.93,2.27,1.18,0.9,1.19,1.05,0.78,1.24,1.8,1.62,1.21,1.91,1.17,0.99,1.7,1.0,1.21,1.5,0.95,2.27,1.98,6.6924702786668,4.82517759012777,8.26448750805013,2.41153930775811,2.77582081509299,2.3333266964692,3.00193096,2.0789256567961,2.65622556193205,1.43799492846598,3.41633306787304,2.10399747182157,3.69959426868803,1.89685779268032,2.18878447081706,1.60294933003542,1.62060220360775,2.17196154586308,1.57336372833542,2.5626517293373,5.75334983097217,2.85792055763687,4.47532790936857,3.35534426100714,1.69044770251049,1.54306902346782,2.09551387973988,6.76920044309719,2.28688641352125,3.69552330308767,4.33954832211315,2.59664404301985,3.87754457749816,2.56734243086392,1.77894738198007,2.22677992599337,1.74041191343358,3.37855367008856,3.33877723901708,6.627892076155,9.92878410404215,3.42705498288684,3.48341348963234,1.8253973556860343,2.66905129990552,1.97981128901253,1.81508501117342,1.76743057554326,2.11251329128674,2.39320719683141,3.8814898893328,2.95313997823938,2.61535948388899,2.81022909643584,3.69358389236464,3.76562163355395,2.5781755814388,2.11118987107577,2.49894218874936,3.5790048329633,3.97941571932225,3.26686321673318,30.4727437331688,3.29439450611465,3.84533489461508
12.0,N/A,,1.81,1.68,0.98,1.01,1.39,1.77,3.3,4.02,3.3,4.4,2.78,5.02,1.2,0.94,1.78,1.74,2.34,2.52,2.07,3.1,3.79,2.27,1.17,1.0,1.21,1.04,0.83,1.29,1.79,1.63,1.34,1.89,1.17,1.0,1.55,0.98,1.22,1.51,0.94,1.95,2.35,6.97843859041241,4.94746937216621,8.45347911886033,2.60881977271596,2.95073883122073,2.24551037906495,2.97080268,2.10468435456537,2.92369112617253,1.23022106896482,3.250967229997,2.08612171177849,3.50023233162429,2.75783452519622,2.10936278208026,1.64305956796669,1.58460431401982,2.23672213477101,1.6233535729691,2.90954983416579,5.90212445504737,3.02239082038346,4.53836489585403,3.31717260815981,1.69538093496828,1.55278122312505,2.21142068556469,6.05850963227428,2.20013372565243,3.46195693930989,4.03510130506962,2.49570025091203,3.60332579186346,2.95962283443773,1.81102869931608,1.98435190177571,1.77096382157655,2.88755737036289,3.36559459977198,6.68387414880056,5.90096239648835,3.26686809831284,3.38651686783925,1.744970844525101,3.11427796855193,2.1117288162361,1.7641517011997,1.6076456747369,2.419908772678,2.46467811490396,3.77125718570807,3.0457010512304,2.38533260358129,2.78045087776793,4.14192197572429,3.31300881132498,2.42225259350517,2.01249978014251,2.61787014075666,3.74680496810453,3.85075343007394,3.31022570148716,31.5411114369046,3.4781585691315,4.06178715814245
13.0,N/A,,1.85,1.71,1.17,1.05,1.43,1.83,3.22,3.67,3.18,4.32,,5.02,1.2,0.94,1.78,1.7,2.36,2.5,2.05,2.87,3.55,2.36,1.19,1.05,1.23,1.04,0.84,1.26,1.75,1.68,1.27,1.83,1.15,0.97,1.54,0.99,1.26,1.52,0.9,1.91,2.19,7.51021340728073,4.95547906514199,8.71589735498268,2.32420762614344,2.77646282852559,2.09015663429892,2.72995931,2.0951680814889,2.93751521273459,1.36516138165466,3.07474163268108,2.05867422783662,3.30848866581061,2.61829594381155,2.26299935337401,1.63069430838008,1.62975115075189,2.11255371212712,1.68231086768062,3.57509314680905,6.91053818898668,3.21584282602625,4.37200212316791,3.5448518707156,1.74567413626069,1.55864582621894,2.49138909866032,5.54393139110511,2.35860372172369,3.52883288796991,3.70018492547831,2.34660310345548,3.36565077542898,3.45707808216581,1.73778961860662,1.98426074358347,1.96464584492717,2.61571265507151,3.59243437608024,6.5453978278158,5.67392710413263,3.33287696014622,3.57884236889409,1.6880244684545684,3.32897357242383,2.04357400414639,2.04656335753654,1.74136438055886,2.30773185949036,2.40252403372598,3.40453617059912,2.68375089974889,2.43952219213717,2.75007541818869,4.34543628783132,1.74974769293775,2.45081636093009,1.99291315840814,2.58200549624375,3.73831825949373,3.50829725363607,3.2688165120767,32.401835587618,3.01911470858091,3.65482547320468
13.2,6.512,N/A,N/A,N/A,N/A,N/A,N/A,N/A,N/A,N/A,N/A,N/A,N/A,N/A,N/A,N/A,N/A,N/A,N/A,N/A,N/A,N/A,N/A,N/A,N/A,N/A,N/A,N/A,N/A,N/A,N/A,N/A,N/A,N/A,N/A,N/A,N/A,N/A,N/A,N/A,N/A,N/A,N/A,N/A,N/A,N/A,N/A,N/A,N/A,N/A,N/A,N/A,N/A,N/A,N/A,N/A,N/A,N/A,N/A,N/A,N/A,N/A,N/A,N/A,N/A,N/A,N/A,N/A,N/A,N/A,N/A,N/A,N/A,N/A,N/A,N/A,N/A,N/A,N/A,N/A,N/A,N/A,N/A,N/A,N/A,N/A,N/A,N/A,N/A,N/A,N/A,N/A,N/A,N/A,N/A,N/A,N/A,N/A,N/A,N/A,N/A,N/A,N/A,N/A,N/A,N/A,N/A,N/A
14.0,N/A,,1.85,1.12,1.17,1.55,1.44,1.75,3.23,3.5,3.2,4.29,1.5,4.98,1.17,0.94,2.27,1.65,2.37,1.98,2.03,,3.37,2.37,1.21,1.11,1.23,1.06,0.86,1.34,1.71,1.67,1.8,1.38,1.13,0.94,1.52,1.01,1.23,1.44,1.54,1.86,2.24,6.80658875050036,2.50510620445388,8.93070387365591,2.16709818944553,2.55887217459235,2.10751731297933,2.8762087,2.18008249860441,3.34759775139247,1.3025629323244,3.44160090976039,2.15377885150623,3.45757272475298,2.81631792776141,2.25541571396975,1.57545971792482,1.66160700079871,1.98520053485639,1.51686802829979,2.6044918063437,7.32311310503541,3.20998188178954,4.1018755503023,3.64817997816641,1.7394957487893,1.68821160452451,2.70066080265254,5.06257650576748,2.53469633446109,3.388923412409,3.66382876037432,2.37739828600943,3.25285741593277,3.53407593501714,1.67823530035914,2.03421554970575,1.81022147692079,2.61291133577024,3.61056364013728,6.85080503261773,6.34495666134929,3.34191538532512,3.0979872254261,1.6436016780657365,3.18596612625936,2.12709855242873,2.39523780000194,1.79882346562538,2.33554703911619,2.2140406371823,3.24005140276313,2.3906054039341,2.60261678402906,2.71406039785262,3.14908507096977,3.11785667603296,2.64971166396189,2.0781528548005,2.64896468718043,3.78124296491294,3.50968582889083,3.09778566882011,34.1996727496162,17.4836281579802,4.84069338303055
15.0,,,1.7,1.28,1.21,1.33,1.44,1.31,3.68,3.5,3.26,4.29,1.89,4.98,1.16,0.92,2.3,1.63,2.39,2.38,2.05,,3.04,,1.23,1.12,1.26,1.08,0.86,1.91,1.67,1.65,1.49,1.2,1.11,0.9,1.56,1.0,1.22,0.64,1.06,2.05,2.29,6.96667848083215,3.76709239649205,9.10559121610274,2.16304606418486,2.64224168551707,2.04286022476317,2.91624775,2.12850424825707,2.95994617764127,1.36071061707135,3.41144557177219,2.15537264672711,3.12614150495679,3.26656267018393,2.58955170887009,1.8146299615088,1.66644211129769,2.05544461065783,1.5670002031281,33.8793094221947,8.09042379298763,3.10453310507981,4.42327982810927,3.85331060740057,1.79137343404488,1.67866778203195,2.51985483788827,5.14018506863447,2.69008700961615,3.98482100005694,3.6901261524866,2.14778371118412,2.97001566075881,3.38113210018435,1.81322537400156,2.40015969509438,1.68830365191649,2.61429740926404,3.63136491580861,6.92195094959154,6.31345074277083,3.22667276461719,3.18934585574425,1.6072267091674062,3.22246060650784,2.01176683805719,2.47236929505221,1.76031337701917,2.44227441173089,2.42630300561922,3.01727982358586,2.1217002542918,2.42364432151775,2.68521661137692,24.9549782124534,3.2205939694229,2.3801310472779,2.30588648956975,2.62596998981513,3.87451306734991,3.76269745938377,2.94690284450294,37.707480887942,8.09896474791106,9.56794943091597
16.0,N/A,,1.83,1.23,1.21,1.33,1.38,1.31,3.69,3.28,3.33,4.18,1.45,5.06,1.16,0.93,2.01,1.62,2.47,1.45,2.06,2.6,2.91,2.69,1.3,1.1,1.29,1.71,0.87,1.76,1.65,1.62,1.33,1.54,1.11,0.86,1.49,1.05,1.16,0.69,1.16,2.11,2.33,5.80802665135768,4.04750737340087,9.28316453198375,2.17881455451959,2.72126693161179,2.07137467051635,3.05517326,2.16911760053091,2.5380790164576,1.31656982888867,3.25635598738073,2.10747631023332,3.15278890167085,3.73513245189031,2.76818350533066,1.60827861153164,1.66902397937899,2.08322725506186,1.85387144683129,10.5043014859759,8.39570489475021,3.23204113624992,4.18446200137136,3.85942795195086,1.79515763658846,1.59702028894694,2.70626413270256,5.34165028624438,2.55096208145788,4.13068460615113,3.81998654664748,1.91833519027543,2.76587995624774,3.07502781033157,1.62297599125903,2.14206425261165,1.83269092112233,2.69994686356069,3.47111450067685,6.94938863300333,8.05879407657185,3.05652319103362,3.16340167203515,1.4973587552777607,3.44543239352857,1.8952398769784,2.56032661191897,1.77509913618376,2.57923993602589,2.60666653480151,2.78316950724986,2.19692892035155,2.43619992699351,2.67169256004079,8.1728047392218,3.6298545359454,2.47176972065253,2.38144940623491,2.59459895260588,3.86007888906704,4.08695271664664,2.83628203651761,38.4824186728013,4.05389774379594,3.30219171506528
17.0,N/A,,2.05,1.41,1.23,1.33,1.38,1.36,3.66,3.15,3.42,4.16,1.45,5.08,1.16,0.92,2.1,1.58,2.93,1.66,2.08,2.29,,2.15,1.33,1.13,1.31,1.6,0.86,1.63,1.64,1.57,1.77,1.52,1.08,0.84,1.48,1.07,1.13,0.75,1.51,1.99,2.39,5.28720561091729,4.35195818110305,9.41236329629158,2.49830135750378,2.5764391235243,1.74278850049653,3.06040228,2.21801521888131,2.38778942319808,1.50629970743177,3.25886969705922,2.37548548096899,3.26374913147139,3.28536336853051,2.83562096711585,1.37957949837885,1.53885467168452,1.9665055285704,1.87042003226433,5.53010982341395,8.15508503577007,3.23891339300672,4.28821405232313,3.73578413271148,1.78666682576378,1.46937103805037,3.19240907505347,5.11141139715054,2.21383787197716,4.07649379807536,3.66719674453448,2.00992879433948,2.71444454976635,2.70228754875282,1.5257745763266,2.09878525385212,1.84152314289111,3.13281282939305,3.46577724650378,7.47461550118051,9.26263485157637,2.87551621827454,3.03352071143287,1.3070853725553795,4.18059937066935,1.99778937157886,2.58928141281072,1.64137825374966,2.41811190515329,2.61824825605203,2.86557817809282,2.11096272323142,2.66352959397947,2.66198945654624,5.60269097683946,3.33047709342138,2.42557110842426,2.25027764207433,2.48102765113733,3.84326116012451,4.36766371312504,2.78205152527762,36.9478411312935,3.52498270889359,2.64659493665637
18.0,N/A,,1.98,1.41,1.85,1.33,1.36,1.36,3.59,3.0,3.37,4.12,1.55,4.93,1.15,0.9,2.07,1.52,2.82,1.45,2.16,2.5,,1.71,1.34,1.09,1.31,1.57,0.88,1.85,2.13,1.54,1.56,1.57,1.06,0.79,1.45,1.13,1.05,0.78,1.43,1.97,2.41,5.08991109696925,4.33753076080094,9.51343100736555,2.57227164005726,2.33152504511226,1.39660704680651,3.10944666,2.37573079032588,2.30174000627262,1.29051135859172,3.01773528479887,2.07013268280197,3.37822975454997,3.50122422644367,3.07748328719554,1.23949271228762,1.46036923551575,1.75303403844394,2.08402130869644,5.17397934020612,9.51469325330509,3.09066838827746,3.74297881966807,3.53946875410522,1.87279883456923,1.38317462601211,3.21547243116144,5.55120580019455,2.33763917203821,4.13923149632486,3.77532150619477,1.92926497910376,2.62798101862412,2.33819487536839,1.31649213663051,2.13798587487222,2.09680722091317,3.42819044847643,3.30441645250651,7.25998802182011,9.3508883518384,2.78535230978093,3.44615068592108,1.147882481258303,4.08977879740933,1.78797705712199,2.62318101161028,1.62063209764127,2.13099395860151,2.41081822287068,2.5501171742205,2.1795881287241,2.59696336853762,2.64063673034738,5.93384191955263,3.55952652568324,2.2301338293972,2.29490661609488,2.31054588253171,3.9969974355386,4.29387012637449,2.76072718969824,35.8299106599246,3.87644881544641,3.97377917753825
19.0,N/A,,2.45,1.24,1.85,1.33,1.37,1.3,3.55,3.0,3.42,4.13,1.48,4.81,1.13,0.91,2.07,1.44,2.83,1.54,2.5,2.5,2.02,2.44,1.33,1.07,1.3,1.58,0.89,1.83,2.1,1.54,1.29,1.6,1.02,0.72,0.99,1.14,1.0,0.81,1.4,2.06,2.49,5.2246580250034,4.1081164987922,9.45381037054074,2.87351547985697,1.78296351060538,1.44300350592215,2.98968972,1.84179241566428,2.23820725078132,1.2489964503021,2.84641601214034,2.07029224438433,3.18332644331413,3.64311157678868,3.10869158124417,1.13900627697881,1.42705258205224,1.73444049538544,1.95606155966135,4.96710844575294,9.0436141966075,3.24927686541492,3.8395220872168,3.53771680308565,2.23704929132859,1.33384255792014,2.96321024526593,5.69634390466328,2.43206536931247,3.89580116567179,3.53910761685767,1.85878906180076,2.46288106333849,1.92512183363933,1.3511005193042,2.5464000718777,1.98845121283854,3.1471030277973,3.4730512444277,7.36040937736195,10.0061076130812,2.62526652882938,3.35063968745164,0.9793860120337183,4.26701442351793,1.6332007286109,2.62695588756185,1.64266426580407,2.46851538022887,2.12417565548703,2.55496084380327,1.97067829183142,2.52133462663943,2.60723203886752,5.24326791122705,3.72778901808392,2.2800623200287,2.35884624546453,1.72525883453333,4.1851477209595,3.97905108521724,2.46568755505323,34.7355201698514,17.3821216367519,3.91571644209213
20.0,,,2.86,1.25,1.82,1.37,1.42,1.29,3.41,2.79,3.45,4.1,1.5,4.75,1.12,0.92,1.58,1.34,2.83,1.54,2.49,2.59,1.85,2.32,1.28,1.08,1.29,1.57,0.88,1.84,1.8,1.49,1.48,1.57,1.01,0.7,0.88,1.16,0.99,0.83,1.41,2.31,2.84,5.39703095022009,4.03140714026292,9.32217344356715,2.77441241130313,1.9825555694169,1.24952084650736,3.00222658,1.80551765681754,2.39531729261924,1.18690091798276,2.68464732571395,2.11823424146571,3.31058741984786,3.715076855023,2.37762432193004,1.03143083514842,1.25495537388461,1.75974666122771,2.00036656062441,5.96901127236895,8.39612292241847,2.98110175369851,4.13277457207845,3.17965145317805,2.49223171871927,1.21787660292256,2.70597021067335,5.50122089641457,2.43757600377844,3.91908422448652,3.16629529756455,1.91793959711881,2.27428762349454,1.51693576027952,1.32563061431156,2.58065847689362,1.98616846093319,2.5260882749156,3.64876793591266,6.70797663021059,10.2153166569479,2.19485292182807,3.11843732374883,0.9856139082357229,4.22466609414881,1.46669346812347,2.7320148121225,1.53286911717518,2.2695932457753,1.90087846550578,2.60483331895197,1.74220756683874,2.48982545557221,2.56810955894501,5.54342551698461,6.11674237291356,2.12615397199105,2.6181532890904,1.65706413500081,4.46832336042303,3.53680939960532,2.18372341005863,33.6189495047379,16.3657570155011,3.7636916752724
21.0,N/A,5.328,2.43,1.27,1.58,1.39,1.45,1.29,2.97,,3.52,4.1,1.51,4.63,1.12,0.95,1.38,1.3,3.07,1.52,2.47,2.37,1.97,2.3,1.17,1.09,1.27,1.54,0.88,1.85,2.12,1.44,1.52,1.47,1.02,0.67,0.95,1.17,0.97,1.27,1.42,1.98,2.83,5.9916025165975,3.89128648726995,9.10866543504519,3.03971021475052,1.51387350026391,1.24996356718458,3.3746131,1.92013220204408,2.25613968662629,1.14671382035724,2.64989607192119,2.19190034179748,3.52023064840323,4.16515775194391,2.27905351852367,0.950554159183307,1.01754712646431,1.53242466519038,2.03888206338513,5.21431391387391,7.64944808545109,2.48907101745938,4.20214288376966,2.4882924056385,2.37850821068725,1.13311756853812,2.30246234430148,5.31540698070077,2.37423151045393,4.11543861309797,3.0868421864381,1.73628168808849,2.32381420795588,1.54181567812109,1.39595985617016,2.53258942709131,2.04298872371398,2.15251000728178,3.22094756255553,6.71937343805963,9.82508850899402,2.10343578285569,3.08213933774334,1.0249369163515394,4.21740345677217,1.45400803379899,2.18557791202022,1.47662433299942,2.12575309006726,1.81738902582555,2.70741456378375,1.53603098740258,2.35877877261674,2.52342478915715,1.93814437940821,26.9644177677473,2.1335648359124,2.39578204045411,1.32326163277079,4.01284448188167,3.05446531736896,2.10284509931818,32.6069899219113,5.19298231058089,3.87326557121649
22.0,N/A,,2.41,1.25,1.58,1.46,1.45,1.28,,,3.49,4.12,1.52,4.57,1.11,0.95,1.38,1.26,2.87,2.04,2.47,,2.0,2.17,1.09,1.11,1.25,1.54,0.88,1.86,2.0,1.42,1.5,1.32,1.01,0.65,0.84,1.16,0.91,1.26,1.51,1.98,2.8,5.60654607398179,3.87368412494038,8.87054508761248,2.44009294946224,1.17918043545523,1.30088027405513,3.59065662,1.96301105257504,1.9464329180071,1.1486599484808,2.74070482026727,2.22067771296674,2.97568238666831,4.20395929011957,2.31406416354907,0.904399812034573,0.861447788982812,1.45296911530064,1.5545618608401,4.75795804580638,9.38721832512549,1.77962542345167,4.15291898640236,2.38873019547997,2.13684808183958,1.05243367803279,2.12438010370042,4.99732393219655,2.36597410935198,3.90545493460218,2.8226776592564,1.74149694444762,2.03071925618055,1.40824601193826,1.20002525854703,2.25091636884597,2.00445410490839,2.02026840525968,3.34918745575518,7.91706030280453,9.73767738171627,1.94738667338561,3.04412405232625,1.0568973075605874,3.524171774505,1.3093920219717,2.15321677841973,1.36808175713454,1.97457487826,1.7045296775496,2.55235551078301,1.26332898657411,2.430864362259,2.46471938617885,4.24235119835413,4.87918377846286,2.0931819050177,2.43607594774836,1.69501716990019,4.33217768889463,2.64410315428446,1.67119143352944,31.9359587108625,4.99246253987699,3.86704839674925
23.0,N/A,,2.4,1.25,1.66,1.48,1.45,1.27,,2.47,3.41,4.42,1.55,4.57,1.11,0.95,1.56,1.22,2.81,1.34,2.42,2.5,2.02,,1.05,1.1,1.22,1.57,0.87,1.84,2.46,1.36,1.54,1.28,0.96,0.65,0.84,1.18,0.88,1.23,1.57,1.93,2.2,5.42927946275385,3.43654346158879,8.57622111645107,2.10053812754903,1.32613990457171,1.31752541605961,4.0641865,1.88377798056816,1.89334321404916,0.942706361539417,2.31680286565743,2.12632750952643,3.28307388824561,4.00912510932352,2.06583275647945,0.871728268891771,1.00565329327567,1.1817475270019,1.59422621405036,5.11210570735421,9.12696765899295,1.46588846628882,3.89181910698577,1.9714761785066,1.84443849176746,1.00633957630458,1.96196298818054,5.00846479128291,2.61130971877318,3.73878390060548,2.68354169721221,1.56941200897368,1.95570736284886,1.25613836786992,1.12797782132353,2.02901765627019,1.60424955753887,2.11706204990735,3.12028256022008,8.65391795123341,9.49729094278311,1.94569643365409,3.26940793651713,1.1136833055513276,3.2306195824071,1.35346778791494,1.96874372187684,1.42787100381217,2.11860714885744,1.8904358914751,2.30207990711946,1.17533346626717,2.39496020057242,2.39519553101667,4.64539578050536,3.67138725811518,2.26926138358061,2.34638272855692,1.87271634674004,4.60493371861939,2.20746350669799,1.53361413161486,31.2772802388963,2.38773081638676,3.82218869654849
24.0,N/A,,2.36,1.22,1.22,1.5,1.43,1.24,,2.27,3.43,4.4,1.59,4.51,1.09,0.97,1.44,1.2,2.26,1.29,2.39,2.54,2.02,0.79,0.6,1.11,1.21,1.58,0.86,1.84,2.24,0.88,1.57,1.29,0.96,0.64,0.83,1.15,0.86,1.15,1.59,2.23,2.8,5.47949251662752,3.63602316037952,7.73552137240477,1.82367821311487,1.28363269612873,1.32068420110202,3.55798368,1.82032832120898,1.92425614192794,0.913119804515426,2.47917425261504,2.13230649961025,3.13091308207451,3.64875716454828,1.94583124628195,0.786919380409844,0.887029920130943,1.19979444836304,1.7766498923785,1.95803966073521,8.18102290861176,1.25633314342148,3.00860179679704,1.68091774780973,1.45204017351496,0.910205501812527,1.6944702801975,4.0596561134148,2.59974292291734,3.29449517685,2.33432185717568,1.52307989337216,1.92155787134663,1.17677073231487,1.08247880953387,1.66800621099739,1.40004659542463,2.18378414918147,3.23256290870191,7.4769220390247,10.3539862023246,1.98880329531214,3.68807110177808,0.9569516849801343,3.16233659380728,1.16175910810879,1.69668298447662,1.33070014460987,2.07978461882925,1.87182484411263,2.5911181986272,1.19549622888502,2.27853738487858,2.33214623770752,3.81199613134021,1.86748789533848,2.41570998825175,2.02974637935971,1.75263261365255,4.25295717148267,2.01839647094078,1.45764756065078,29.8924716165682,3.80713945043173,3.95969399915635
25.0,,,2.37,1.19,1.22,1.5,1.44,0.78,1.19,2.11,3.5,4.42,1.6,4.48,1.07,0.98,1.42,1.18,2.41,0.93,2.34,2.66,1.97,0.75,0.5,1.07,0.73,1.55,0.84,1.87,2.24,0.83,1.1,1.26,0.96,0.64,0.85,1.09,0.99,1.07,1.58,2.01,2.19,5.65881695449223,3.60001854573857,7.68120141630625,1.78866815531593,1.22869202761824,1.20263906088151,12.7334228,1.89841960393557,1.79178737661024,0.81824931447867,2.68899465615436,2.06326569066934,3.51894716949956,3.55288807702363,2.13461004953886,0.770540815403116,0.841005353539776,1.32417212433807,1.51569927957619,3.49601636602575,7.70860461831002,1.17910002577838,2.09652346754143,1.67464957152944,1.17701564377287,0.837213833323701,1.47369129015175,2.26141854068847,2.40386899086125,3.63403188357027,2.33184293900641,1.54761641810952,2.03157102790027,1.12152332646361,1.00550293379891,1.8752902918203,1.43501233692299,1.85698027396311,3.17961517667285,6.77459008772182,10.9536469180792,1.69503641733239,3.07378976269984,0.7334056449690896,2.48305901722172,1.27278887426758,1.43110980913654,1.34373679610185,2.2698061006268,1.64728981581805,2.44410529581369,1.22858100194718,2.36758407694487,2.26778640699681,3.92197694789085,3.18090679494091,2.47234275635517,1.99058857186385,1.62530563120541,3.40450887518208,1.93141183689155,1.4987506850205,26.9341276418904,4.41099916319636,3.8657897006363
26.0,N/A,,2.36,1.17,1.3,0.79,1.44,0.86,1.19,2.22,3.57,4.44,1.65,4.43,1.07,0.99,1.42,1.14,2.07,1.61,2.25,,1.95,0.7,0.49,0.95,0.83,1.53,0.84,1.81,2.13,0.91,1.26,1.27,0.94,0.62,0.81,1.08,0.64,0.45,1.53,1.63,2.28,5.38106022257693,3.79768962384453,8.15036946218122,1.64873450351617,1.04513423072223,1.10157923560946,8.43831159,1.91734951719534,1.67476098337608,1.00296783856977,2.66560348792751,2.2447150306875,3.1659760962741,2.96694594260148,2.36009818356794,0.721756526526449,0.83170564896036,1.35082781427507,1.62843451927614,2.98165355230226,7.23436071192005,1.46611026934612,1.32899226669542,1.69775563617548,1.07080865760997,0.768403215360828,1.45595155936027,3.87502965014291,2.60616222760876,3.69876485485189,2.39945979574847,1.53260126859908,2.04441204281308,1.11982020299228,0.913811301507012,1.58434170065671,1.36096128499122,1.64142840019123,3.12287285952206,7.33498233249832,11.171622649686,1.60747491005684,3.38510192310335,0.7875685295056314,2.83516354340923,1.1958289849806,1.39806362790706,1.17406312829977,1.96027880920785,1.55129771803024,2.39307434459017,1.19081764925548,2.48179216297854,2.20123627493001,3.36583286959309,2.69778439431396,2.35840954067612,1.72818453377069,1.50935754177894,27.6325564700285,1.97979270260555,1.24089469945701,23.6586946902655,4.12049184421435,4.04002251478481
27.0,N/A,,1.59,0.75,0.98,0.86,1.44,0.86,1.34,1.5,3.69,4.48,1.66,4.5,1.05,0.92,1.4,1.1,1.85,1.02,2.25,,1.99,0.67,0.49,0.89,0.83,1.53,0.81,1.81,2.27,0.75,2.56,1.24,0.93,0.61,0.78,1.05,0.77,0.38,1.52,1.9,2.25,5.98419860131608,3.43399040309104,10.6219817106005,1.46544508257592,1.0412876169977,1.01987014697602,4.88388819,1.99410905081596,1.71725181604774,0.800545070265727,2.47628848090412,1.9997692748845,3.15408978484929,2.87718361647964,2.37507523049852,0.672943443496935,0.84395356600206,1.44400502591262,1.27696614130758,2.12474367673478,8.12054288631549,1.29730872174927,1.22211098422697,1.28570468225982,1.00703466731358,0.800073515353956,1.40675103251212,4.01469743656699,2.5043709343826,3.8065344361053,2.30370927874497,1.58338796174799,1.95575989094885,1.16583820643524,0.795388648961152,1.28855873359407,1.23782097286814,1.63106241472521,2.80512902848358,8.08990406933698,11.2061756587437,1.56732585235182,3.21793704894163,0.9481372643081435,2.41127117428874,1.06571189945536,1.08600056689991,1.22949046445991,1.76048254967121,1.49954246076072,2.2765011211083,1.0629100474832,2.56433771407347,2.14897510004661,3.28944980391284,2.56490445695162,2.28547245399726,1.60206885027095,1.33596437895265,13.1889570416076,1.87390502700395,1.0590271459032,20.4327248427427,3.70885522256084,3.94982010086473
28.0,N/A,,1.55,0.75,0.98,0.89,1.43,0.69,1.29,2.06,3.76,4.82,1.68,4.64,1.01,0.89,1.4,1.08,1.32,0.63,2.21,2.37,1.98,0.61,0.47,0.84,0.51,1.5,0.79,1.81,2.37,0.82,1.52,0.72,0.93,0.62,0.74,1.0,0.73,0.45,1.45,1.76,2.17,6.16676568303783,3.36732618551554,11.8648698961662,1.48343900277569,0.979292419721952,1.00563707381116,3.38690034,2.04103895736634,1.77382129736356,0.829422579574394,2.70436030865426,2.06458592416449,3.10332511658442,2.53352429100625,2.22617747659418,0.644295976801544,0.788248799510669,1.23478638599351,1.14424481437084,1.79321131798836,8.18988186954408,1.11403244960985,1.07068895246955,1.05220432114489,0.950743249198823,0.756790311779013,1.2869777557013,3.94800237605294,2.51864357413339,4.02717299604492,2.27299352401579,1.5127523697255,1.81082723780314,1.02197575632815,0.788087462793845,1.24512188270313,1.16772706501932,1.69438842965512,2.36465435944027,7.63125678646328,11.2192726417163,1.45620795668717,3.23429915681402,0.9947179938357044,1.99798426635,1.06441255914159,1.05687918696561,1.24497578225049,1.46223631280217,1.46968286355452,2.22571322577348,0.991519629269899,2.59129043907219,2.11922549784196,3.51009730770817,2.28276283489836,2.06564757138208,1.57312570707529,1.17117091596597,2.9164411575036,1.78455872440798,0.89193339517775,17.3565517050822,4.41861584829477,3.45551459998081
29.0,N/A,,1.49,0.63,0.92,0.85,1.43,0.56,0.84,2.06,3.85,4.75,1.67,4.75,0.97,0.85,1.39,1.08,1.11,0.95,2.18,2.36,1.97,0.56,0.45,0.72,0.49,1.48,0.79,1.82,2.37,0.81,1.05,0.83,0.89,0.59,0.7,0.56,0.68,0.41,1.46,1.83,2.3,5.45067001630097,3.17806667872093,12.5581639250477,1.23122207938001,0.964504759627581,0.955348811761444,3.09479253,1.81483964597529,1.67216526302978,0.818689029056913,2.701964484765,1.99043348010163,3.33948783785969,2.29203713895253,1.85043442816809,0.633308110062271,0.685791677565771,1.03366163820483,1.06888056675522,1.52034203014484,6.9281113767385,0.985269187415392,0.944332632126165,1.05242401621624,0.943891028292147,0.711240280739049,1.21104875010364,4.04710769087225,2.68498707891712,4.03258336469257,2.42122564500838,1.45492627715694,1.74750040032098,1.09356374898678,0.810390314971163,1.0577681636615,1.1246730280636,1.81942720273012,2.293096488254,8.45832928306153,10.9491141213147,1.45716672581011,3.28283266482088,1.0153871913745098,2.0757594209411,1.00851418239448,1.14871846869158,1.11010984575479,1.42382367537373,1.47278549322801,2.00827587604264,1.08268856188385,2.8833027164471,2.10123310685821,3.58420470654494,2.39561629939486,1.70520608214285,1.38437840393714,1.1217362698782,2.04914396440226,1.72277276832054,0.894112570754701,15.0250639195691,4.11228951943407,9.48240540608303
30.0,,,1.52,0.65,1.02,0.82,1.41,0.69,0.81,2.24,3.88,4.68,1.71,4.85,0.97,0.83,1.38,1.07,1.11,0.6,2.14,2.11,1.99,0.47,0.45,0.66,0.59,1.47,0.77,1.8,2.38,0.83,1.12,0.71,0.85,0.56,0.59,0.43,0.64,0.39,1.43,1.78,2.28,5.56676826360779,3.25122779358558,11.6734656716944,1.02035618064376,0.83431162307759,0.885140657860728,4.44473281,1.84518602940578,1.70980774244042,0.74428895025273,2.72076637215419,1.92269624963449,3.01486399930374,1.97121832174157,1.71455559753026,0.687861245515913,0.664540505595622,0.820378207188495,0.90732373438016,1.48998166729617,7.50608369878616,1.18436381962102,1.08568930642584,1.09069704194256,0.902346664326517,0.687076710659145,0.97049687536728,20.8417407683528,2.4000412289639,3.84478945160826,2.32315977071533,1.32714033889013,1.75832849554697,1.04292685056888,0.731994012553086,0.977983894887976,1.05350559981073,1.56040394027983,1.82487565886558,8.44673353919709,10.662687893992,1.43342561210312,3.72858690497574,0.9445754382903379,1.9710068678164,1.0075069140309,1.09089406899937,0.964075719481379,1.5102194539076,1.4962076098268,1.86645299897741,1.17167504608373,2.66117978124821,2.0843029110541,3.56838201072087,2.31311183299491,1.79982015180907,1.37145114917772,0.9576688048674,1.02082629014687,1.53118856185103,0.900027631347708,13.2317105263158,4.08383621876055,12.0021985942
31.0,N/A,N/A,1.4,0.65,1.02,0.79,0.9,0.69,0.59,1.87,3.91,4.66,1.71,4.87,0.92,0.8,1.34,1.05,0.83,0.75,2.09,2.33,1.99,0.45,0.43,0.53,0.56,1.46,0.7,1.78,3.04,0.81,1.25,0.76,0.82,0.52,0.55,0.45,0.6,0.32,1.34,1.84,2.34,6.10458870357684,3.29982887785906,10.7302567742558,0.910056119631406,0.863179732812544,0.826520509166413,3.68409807,1.47479768166632,1.64342834606812,0.723114158932041,2.36332632956408,1.85432942136202,2.95815447894817,1.69956353553978,1.75059946267331,0.637599456722441,0.784388525199705,0.815594679754038,0.820537051302558,1.58820873132174,7.57790344820428,1.01050819998549,0.995775447930004,1.15820326036007,0.882367596830504,0.647364486854608,0.879623492505376,14.9759497931231,2.23629337435442,3.85795470244091,2.49205952416427,1.37415639558704,1.6732057382733,1.00924093841636,0.701455863779472,1.04674538410816,1.01755144570397,1.28290929405731,1.58183216858259,7.05967069749538,10.6747071951328,1.2980555017989,2.26475897994116,0.6989130651172449,1.61982134798887,0.967426205355112,0.897081921876737,0.84533040728733,1.4427793102324,1.39053141697418,1.71393414977395,1.16402841377177,2.7151002003769,2.0657952577996,3.7439873938099,1.9206680765701,1.78386641934455,1.32425169000192,0.93188701745869,0.690833208515719,1.12821622296514,0.887543809430615,11.3852192982456,3.57250685208204,4.92909871806195
32.0,N/A,N/A,1.41,0.75,0.5,0.76,0.9,0.69,0.51,2.25,3.86,4.68,1.51,4.89,0.85,0.8,1.31,1.04,0.79,0.72,2.09,2.31,1.95,0.38,0.4,0.49,0.51,1.46,0.67,1.71,2.66,0.78,1.32,0.91,0.82,0.48,0.44,0.47,0.56,0.31,0.92,1.79,2.4,5.28810760887841,3.46493460891437,9.2578411364623,0.923136431307448,0.885768841394725,0.740653328898346,2.5756624,1.26157229615338,1.54268724045819,0.714929212874543,1.8093458138185,1.99627308251839,3.50264199727938,1.37639788118225,1.72624318337889,0.598494917277666,0.690938308299911,0.889929051321777,0.780486479861334,1.35446187801922,7.00576750162111,0.927665779481714,0.929181956043554,0.933542522609492,0.818529112336963,0.621626096847987,0.79796652167658,3.83670843856579,2.55747293663358,3.75899661685951,2.45475280110747,1.34497381908551,1.70157536714637,0.981862795026898,0.713585167272212,1.00936699109215,0.949756392305674,1.04247184502167,1.54147429856263,2.74040800173593,10.7131729764337,1.23380112360381,27.6243622475375,0.5063293557828143,1.63580386681104,0.950336872050915,0.797644262119952,0.955886697944914,1.36684876932243,1.32698770921749,1.47057421529145,1.08813711589775,2.80974013698594,2.05267925856111,3.21157655899786,1.8228178129075,1.44502182639796,1.16434837100115,0.801427376824284,0.973469235918528,0.960787337345698,0.807377860105036,9.49754283149536,3.41063232778564,5.15991984657172
33.0,N/A,N/A,0.69,0.69,0.53,0.73,0.85,0.71,0.63,,3.87,4.6,2.08,4.89,0.8,0.75,1.26,1.02,0.79,0.69,2.06,2.3,1.7,0.37,0.36,0.41,0.49,0.67,0.62,1.62,2.66,0.78,1.27,0.8,0.8,0.45,0.42,0.46,0.39,0.28,0.7,1.84,2.34,5.34361555738673,3.06456803791891,7.7605648763945,0.795154575438602,0.804806954141019,0.731190473684079,1.78739275,1.0788175609164,1.33249140309692,0.638363304115574,1.51991752285332,1.85427412729278,3.26788250715755,1.34987930709138,1.54514553765366,0.594487292070492,0.670694339213342,0.754856248275649,0.774471088365723,1.03045373180219,6.47908069400044,0.863621958799008,1.04565442524467,0.745495309268559,0.785466158874765,0.589245500053612,0.72384401264908,2.57384293833391,2.66459880211477,3.82522510988811,2.41936159865748,1.34604002562422,1.47057935658067,1.04909437405737,0.765702656787357,0.861968644837907,0.892650695151111,0.882214342059072,1.28624322844636,1.34525287202092,11.7842466891005,1.23818519791409,13.1689628255009,0.5817042040128061,1.53821877654267,0.907509163973376,0.815537193621289,1.01697143098442,1.18514897269544,1.32380341114955,1.26733598440192,1.24236801426795,2.54040680556311,2.04416673119655,3.23631890171412,1.63797357135536,1.365632887504,1.05658422706048,0.776891106371898,0.941611824541753,0.936586721990868,0.792552823896906,8.07821855455656,3.32068016462955,5.12872692596662
34.0,N/A,N/A,0.65,0.67,0.6,0.67,0.81,0.71,0.63,,3.84,4.54,1.76,4.86,0.75,0.71,1.21,1.02,0.98,0.66,1.62,2.3,1.66,0.37,0.33,0.36,0.46,0.54,0.54,1.05,2.76,0.77,1.14,0.92,0.78,0.43,0.39,0.44,0.39,0.27,0.63,1.36,2.58,5.26879108337229,2.98482327075582,6.67369075924889,0.830413684721048,0.659803713477309,0.715559306469578,1.16168357,1.11251888047665,1.09400391489631,0.612441943073489,1.18065959007938,1.97198826292697,3.79204016448884,1.38025418312806,1.37486102963064,0.554704630484179,0.68030626567014,0.728082770826066,0.766579584080765,1.00624584672302,4.25939991961269,0.829427434716458,0.756913856931534,0.70488499452391,0.736919819266071,0.569827708954501,0.713794630763256,1.32078299798238,2.63826502270866,3.78389032525015,2.24936090732594,1.25872480587488,1.41471496747999,1.03653047999494,0.724825940546588,0.909123325336704,0.846192684138113,0.841395974202377,1.20988394239597,1.76567455582311,11.0344333836697,1.32832552812107,4.80837241682566,0.6667918096255919,1.4039664299132,0.918192736335016,0.914103416279319,0.932742825543688,0.940124185479081,1.1591835337791,1.06573513448021,1.12659366203437,2.2895881286923,2.04058847457366,3.55000004108751,1.80675139152347,0.996982209328925,1.01391403610036,0.7500626535597,0.860731225277144,0.859978919903338,0.825498939951248,7.33206906731029,3.59153391294029,3.22653855173729
35.0,N/A,N/A,0.61,0.63,0.6,0.66,0.77,0.71,0.6,,3.82,4.54,1.95,4.92,0.67,0.67,0.93,0.97,0.94,0.65,1.95,2.28,1.62,0.35,0.29,0.32,0.45,0.65,0.5,0.64,2.74,0.77,1.22,0.87,0.76,0.42,0.32,0.41,0.35,0.26,0.59,1.2,3.0,5.97852324314846,2.82700457183524,7.07720637245347,0.746878928489951,0.658389057148175,0.662180920945993,0.90282787,0.976776107259901,1.1259791139702,0.58085942134641,1.20042467359829,1.82122708513992,3.5057763848499,1.49121446532758,1.18306531134438,0.556881407464715,0.648339661242091,0.641396835510079,0.706007641220038,0.950725005736573,2.21338444858127,0.812385593257738,0.744737922656521,0.678018102312716,0.754621142929017,0.570695682622059,0.646051438576305,1.80529112174643,2.39464677997859,3.92813864082385,2.05920266952805,1.17192110253379,1.43377387129555,0.982718734693612,0.733446003446837,0.947766515579103,0.886022194207173,0.792855461494883,1.14475782716043,1.59093269491782,11.0806992361101,1.17496444561178,5.00103557975986,0.7186690784504003,1.34565666937238,0.905612351736648,0.721842663351579,0.821466218718467,0.79533848004197,1.1504412920862,0.913171353059268,1.01175737111414,2.33053392801329,2.04128598176044,3.81770471486163,1.89340362815054,0.951125964870365,0.97320329434879,0.833249977463513,0.742117658502273,0.757012478140123,0.644232890411555,6.73719014895872,2.94515172666494,2.53872178416065
36.0,N/A,N/A,0.56,0.61,0.6,0.66,0.73,0.7,0.58,2.54,3.92,4.37,1.95,4.97,0.64,0.61,0.63,0.91,0.9,0.59,2.02,2.25,1.59,0.35,0.21,0.29,0.4,0.5,0.44,0.66,2.69,0.76,1.41,0.84,0.65,0.38,0.3,0.37,0.32,0.25,0.47,1.19,2.11,5.70857012494493,2.97167575992313,6.50503012663009,0.704358351464893,0.661388032611853,0.65050299516888,0.82910317,0.885148634335578,1.21833263379146,0.593073294894387,0.995637925031264,1.89516281704515,3.58799086557926,1.33357678567743,1.18970616527218,0.529467728184589,0.599550805698292,0.56825984900378,0.66155614846627,0.917728796605731,3.94580161151437,0.825122158917592,0.789073619482231,0.664988536900079,0.747324537166216,0.584517299286347,0.672949600388885,1.68851287853416,2.49582566363926,3.86348719692723,2.16740378190724,1.20471229366105,1.59640990510619,0.986908503233982,0.718582988324217,0.891823512576429,0.914275284912861,0.776362537183776,1.10532922990973,1.0419843373837,11.2393836187806,1.15683129575005,4.76137028636865,0.8135550582109622,1.22080302272295,0.868280004549991,0.659819782089268,0.834370973472902,0.722919115562612,1.07857394876946,0.960439950011202,0.853393451357214,2.29203886558334,2.04168806607728,3.59212793523657,1.72299452389329,0.98302757770884,0.892415652315556,0.755779187809856,0.663151684841943,0.756853271389249,0.685937526641215,6.21066576492889,3.15502092786932,3.98391008211423
37.0,N/A,N/A,0.51,0.59,0.51,0.56,0.66,0.69,0.56,2.84,3.9,4.35,1.95,5.05,0.61,0.61,0.59,0.85,0.47,0.56,1.89,2.23,1.49,0.34,0.21,0.27,0.34,0.59,0.4,0.54,1.45,0.75,1.28,0.8,0.59,0.35,0.29,0.34,0.3,0.23,0.39,0.51,2.72,5.71666625128502,2.94434990327097,5.62333938271483,0.708316361283926,0.656999775934478,0.614681946873957,0.7494381,0.812541489799685,0.957242686943663,0.589494636301159,0.868962672853841,1.84699091842214,3.7931121835833,1.36548646644541,1.06512349757005,0.503391015214989,0.596658067912519,0.584427941078774,0.619811791438041,0.933389816950127,3.67738729056926,0.818091975849339,0.728057651643114,0.636940611946363,0.723012528448303,0.565104911068647,0.648490653828656,1.15419286281611,2.50387296635669,3.58172835544477,1.92304936836137,1.24171317912944,1.72003180867528,0.943755214534492,0.722120219362598,0.844555853878582,0.933158604577737,0.811669182418573,0.972363881179254,0.916589376763968,11.377701964561,1.12231806148725,2.28142417019632,0.7478074703766854,1.38051657832025,0.859937871245788,0.616617854346689,0.768677684163544,0.680954346326618,0.94364340687096,0.861949781186061,0.775499138310632,2.20307052915897,2.04276149086264,3.58860928876431,1.69301460725719,0.871899682265141,0.876195532789184,0.726153175137888,0.626132826419636,0.685655560007877,0.619357532583064,5.88612161197858,1.79344392920833,3.61242083788552
38.0,N/A,N/A,0.49,0.56,0.48,0.52,0.62,0.7,0.54,2.67,3.93,4.55,2.87,6.07,0.61,0.53,0.68,0.82,0.48,0.48,1.89,2.24,1.49,0.34,0.19,0.26,0.31,0.59,0.35,0.51,1.11,0.75,0.87,0.71,0.57,0.33,0.24,0.32,0.27,0.23,0.29,0.56,2.05,6.05170453038486,3.30020981460429,3.94632336186435,0.677050427661704,0.648971638279409,0.608076250863933,0.70081165,0.753272504051877,0.901764277301279,0.559226241899923,0.816889202611882,1.78338203590687,3.65038146940122,1.24618488546277,1.06872382681643,0.503016130711255,0.590444029279651,0.5632308686496,0.605812689915076,0.932962070690457,3.18623113485464,1.01135802863604,0.6562229944231,0.653296986685357,0.721820062919704,0.525293801194227,0.637887825434825,0.851449991760021,2.34423608724313,3.47106885120233,1.61961518622821,1.20581433314887,1.49824372105622,0.962770637670267,0.656808010252064,0.886827437423697,0.787148036553438,0.810502283964848,0.890167829499705,0.818154909676518,11.440715561378,1.0891787375444,4.26254056604826,0.6901174820055341,1.3480162604697,0.869491841500935,0.575874246796604,0.814060946115468,0.67777466106348,0.837961736629489,1.10170394693082,0.856461493514589,2.19417530042431,2.04786357082968,4.0387444333478,1.51734864764159,0.792404940495586,0.825324123371591,0.752147119770001,0.592550279869843,0.658303360114435,0.577005552268584,5.66354065435048,1.1511562179242,3.91189152343572
39.0,N/A,N/A,0.47,0.53,0.48,0.49,0.58,0.7,0.51,,3.9,4.53,2.87,5.64,0.52,0.49,0.63,0.77,0.49,0.46,1.88,2.27,1.4,0.34,0.19,0.26,0.29,0.56,0.31,0.35,0.64,0.75,2.0,0.68,0.53,0.27,0.22,0.29,0.25,0.23,0.24,0.5,2.08,6.18915588245981,2.89307879962076,3.2441002279716,0.672890066051319,0.655273468917388,0.600350361163103,0.69770046,0.710552493809269,0.790220425153465,0.554234788250856,0.906370343189438,1.82559005006922,3.53058493062303,1.0962544127313,1.14581219759879,0.513786819455072,0.549225953367066,0.602081076508045,0.600504744558384,0.757178537837584,3.50226625928966,0.845107210812365,0.621189191013028,0.689721168656107,0.697357244708566,0.54349933310782,0.628796769645036,0.683300575306289,2.20066034087162,3.92168322497405,1.51124458062457,1.13712776059489,1.6040008340247,0.85161257928012,0.651082809700627,0.869790522345745,0.7044524550037,0.809111643136014,0.889047298932284,0.755900463521503,11.3090957862296,1.056162034727,4.30133423887766,0.7092615927989516,1.14463434969184,0.775418372296828,0.585028786953597,0.720135956357114,0.669264903170896,0.790566878145219,0.794175294956647,0.716231483311192,2.10997766687444,2.05271093628467,3.74397742453905,1.63794774494745,0.794039884602234,0.838706802937202,0.643059048810339,0.541595479767389,0.621841414387821,0.583007796393663,5.4177735884724,0.795869783099776,3.84075724948501
40.0,,,0.45,0.53,0.45,0.44,0.56,0.66,0.51,,3.96,4.43,1.33,5.44,0.5,0.46,0.61,0.73,0.49,0.44,1.82,2.29,1.38,0.33,0.19,0.26,0.27,0.53,0.28,0.28,0.53,0.76,1.39,0.66,0.51,0.25,0.2,0.27,0.23,0.21,0.22,0.47,1.89,5.78165871009705,2.81352796641801,2.9901467177834,0.676312745615975,0.646150477349605,0.58018685390336,0.67250943,0.683807081794953,0.699532730740987,0.568286790679663,0.858249373711918,1.81328586410107,3.60656170353573,0.939538672398512,1.10510201952343,0.581863731995902,0.5257431733201,0.575673487026189,0.60683364890632,0.683207514902576,3.59683780966723,0.763863479947325,0.65451196059048,0.618115779953478,0.696408077236758,0.519111399784869,0.592127023872074,0.739287643244797,1.839473960582,3.98494994060709,1.50142449596583,1.1382626642603,1.55487832193581,0.902298415313465,0.6517394756009,0.796080372291375,0.764417872642833,0.722617150927263,0.914485357704821,0.777818859816894,11.5565206629715,1.13494854814971,4.0444881016848,0.7421420894791496,1.02383401243978,0.769565238369917,0.639244590395466,0.727033387833011,0.674056745813467,0.79387605411288,0.7721559310954,0.767450486200034,2.05700229219147,2.05797929756104,3.5945807285632,1.7045067030043,0.806460317491645,0.787478993048524,0.600470870139797,0.529852117583807,0.676237705564151,0.599306731243238,5.1654829204623,0.55496895781139,3.54647614853065
41.0,N/A,N/A,0.42,0.47,0.42,0.44,0.53,0.62,0.46,,3.91,4.4,1.3,5.4,0.39,0.43,0.59,0.69,0.49,0.42,1.81,2.31,1.35,0.32,0.18,0.25,0.25,0.54,0.27,0.21,0.61,0.76,1.49,0.64,0.51,0.24,0.19,0.25,0.22,0.22,0.21,0.38,2.42,6.10611674996207,2.66968377732387,2.63366284767126,0.673585435019853,0.700541251045437,0.591037592875358,0.68832727,0.672049586364423,0.650686816852971,0.52886155483319,0.72428923117132,1.68446895150733,3.44295514822911,0.906060239133097,1.09167684841209,0.569379698909454,0.507840433424445,0.617805047943371,0.59543445419161,0.641342269236044,3.62690405182876,0.74104995350607,0.651351986016361,0.562916391821425,0.712893024302066,0.525909185619068,0.598054680768843,0.715602754411059,1.70077399759269,3.78120334192477,1.74739556768371,1.20837146130811,1.4181871715031,0.827465959026725,0.648586645391967,0.821270637424351,0.733636902295356,0.700398876192428,0.807649536391267,0.724553139516151,10.7757136657877,1.13205401938944,4.09900904474125,0.8012123901223105,1.01836952136637,0.717032189192418,0.625115493542455,0.697196022981083,0.636274402159926,0.703526243037945,0.713872707320051,0.67291557212206,2.22486941764736,2.06603021302294,3.62312935226263,1.67550256345074,0.847058714126264,0.847567419448883,0.628418398496719,0.527008742757844,0.685993791897461,0.525459484829508,5.02285031273268,0.565322697130224,2.14579888286251
42.0,N/A,N/A,0.39,0.47,0.4,0.42,0.51,0.58,0.41,,3.9,4.51,1.91,4.77,0.41,0.4,0.58,0.61,0.48,0.41,1.78,2.33,1.3,0.31,0.17,0.25,0.25,0.51,0.26,0.18,0.46,0.76,1.9,0.63,0.46,0.23,0.19,0.22,0.19,0.2,0.18,0.31,2.72,6.09107885088225,2.62261473598526,1.99776408567229,0.63681676409743,0.679127557983116,0.584645278870546,0.73796462,0.677119376515261,0.656464267251591,0.526017845037827,0.570459251144325,1.49545691408514,3.96205147313371,0.848927546678907,0.968139558105353,0.54348560499566,0.502893605002089,0.576292852886996,0.659948986640292,0.674124045815885,3.76749623818292,0.783786931953414,0.679108587451748,0.597130529957918,0.666114805849315,0.546047555089407,0.577786291285164,0.667759505397279,1.50062885133488,3.88332152952614,1.47749000128275,1.2425569677594,1.42423085158584,0.818729378855511,0.644119795178627,0.793813478325884,0.742208095550186,0.641098928976892,0.735511893151525,0.623650120189298,10.6798576772384,1.18020425096084,4.00359056052103,0.8712135640860285,1.10648893845607,0.701902401875421,0.637984251675318,0.654500498933618,0.658488658143455,0.624642930813548,0.712621931247619,0.541159700554568,2.0525547942243,2.06656061120518,3.68886517278964,1.60942735983848,0.756944729109315,0.776007712190855,0.624947070738574,0.536132250801399,0.641092358433376,0.517761263330147,4.99852049523278,0.599283350276824,1.4697592629881
43.0,N/A,N/A,0.37,0.44,0.38,0.4,0.5,0.34,0.33,0.65,4.08,4.68,1.84,4.74,0.43,0.38,0.55,0.58,0.47,0.37,1.79,2.31,1.26,0.3,0.16,0.25,0.25,0.51,0.25,0.17,0.49,0.74,1.22,0.6,0.46,0.23,0.19,0.22,0.18,0.18,0.16,0.29,1.99,5.76009413820399,2.87171238559089,1.30824698535178,0.663953304976411,0.653755673322337,0.574677544744025,0.72672072,0.660523303330666,0.628670510331546,0.539184508638993,0.539519583629204,1.49151649579422,3.79515550540671,0.876801364789953,0.975900894828799,0.516269500980756,0.509464019247261,0.590344770603488,0.61258326640113,0.670514525528897,3.33175385982375,0.768835951712124,0.66455578023529,0.67911835469977,0.66090096750236,0.529002286753591,0.567765554013296,0.705091337851039,1.47489934766439,3.79242454337014,1.3566108941535,1.22705472795192,1.39868230424507,0.83923462182896,0.658222414346643,0.729601082959951,0.756688748898706,0.666136741109516,0.753247803802156,0.595968261179668,11.2912470894882,1.09512646187688,4.22056792164453,0.8315515668633254,1.16915859859902,0.723194380184015,0.649383491653315,0.635544865724609,0.649599788110629,0.609209887906012,0.713196392576761,0.526801796448579,2.02087779741775,2.05381504597728,3.59836259631621,1.69389055901244,0.726316416861584,0.776483257962081,0.616604590549473,0.561321579127409,0.658415745308021,0.542455288299051,4.92140632783591,0.502000387427601,0.99730353514722
44.0,N/A,N/A,0.37,0.4,0.38,0.34,0.45,0.34,0.31,0.6,4.14,4.46,1.85,4.71,0.43,0.37,0.5,0.56,0.48,0.36,1.23,2.33,1.22,0.3,0.16,0.26,0.24,0.48,0.22,0.17,0.46,0.77,0.89,0.59,0.45,0.22,0.18,0.21,0.17,0.15,0.16,0.26,2.9,5.73274651709962,2.62474058787582,2.89427651672619,0.646397162134462,0.74591928100859,0.608192594999001,0.68286342,0.621918296767477,0.650391189027065,0.474582617854505,0.528741574827932,1.34667635153894,3.49445766944997,0.941906072026726,0.908690584220955,0.526897574260421,0.517440590072209,0.577274821795468,0.590509628807043,0.761184877992708,3.46936730958781,0.81853167235616,0.638515499170225,0.684505217063756,0.655799161021519,0.534073534138812,0.592776681628803,0.674440834750056,1.27575921934615,N/A,1.3009385269696,1.07657515701464,1.48885483474946,0.872276342083578,0.663851341320929,0.825419990580405,0.704442748399702,0.780033912928551,0.790498072464851,0.657753979941751,11.3399464024255,1.18882371191904,4.07834028667277,0.6818922236544123,0.994969879449932,0.722391521975439,0.703143777586806,0.66643288465632,0.652514079590943,0.627818506874151,0.675606715113558,0.631798890075222,1.961623019137,2.03483472328733,3.69872644700415,1.70450320017812,0.744718207853176,0.881822371908796,0.635851667409882,0.55996192650723,0.6355297589847,0.530449772680368,4.87941998380992,0.469816584810925,0.627066501922461
45.0,N/A,N/A,0.39,0.38,0.35,0.32,0.43,0.34,0.28,0.6,4.13,4.32,2.21,4.85,0.44,0.36,0.47,0.54,0.48,0.36,1.37,2.3,1.21,0.3,0.16,0.26,0.23,0.42,0.22,0.17,0.46,0.79,1.16,0.58,0.45,0.21,0.18,0.21,0.16,0.12,0.16,0.25,2.47,6.1021736456941,2.84963360819052,4.85565392098219,0.594043352505575,0.684831081345079,0.575140352538611,0.70221073,0.616957714540257,0.586517410481948,0.481319113535184,0.540108965881446,1.39099918130088,3.69499743183439,1.00244339951923,0.851010295787671,0.521840668185163,0.515298112803721,0.57565272534453,0.609409308226288,0.741194000708873,3.68465724422404,0.785306947767434,0.637961994199523,0.693794808386115,0.673906851006712,0.522720952381552,0.606833921167557,0.706628003238644,0.972038215276519,N/A,1.28774429390472,1.05814697517658,1.33490856172764,0.989639264631803,0.684576183915796,0.793144611271827,0.682433788060137,0.759075381670892,0.739235712662988,0.644835575229969,10.3621809114795,1.13119689806498,4.1289832284349,0.5958627823443647,1.03027015967245,0.815209899868954,0.691877587045631,0.746400454380115,0.677913784372363,0.624708172052762,0.589592339787387,0.873160512024745,2.13314561260696,2.00856182993464,3.92598738757942,1.67097809304705,0.712096895019603,0.893891764832087,0.650814872416695,0.586358581276497,0.71437478804071,0.514544587961179,4.93116645311486,0.622476742162538,0.585560816618848
46.0,N/A,N/A,0.39,0.36,0.31,0.3,0.39,0.34,0.27,0.56,4.12,4.31,2.0,4.92,0.42,0.36,0.47,0.53,0.46,0.35,1.19,2.34,1.18,0.3,0.15,0.25,0.22,0.4,0.21,0.18,0.45,0.76,1.05,0.54,0.43,0.21,0.17,0.2,0.15,0.12,0.17,0.22,2.46,6.07314181451963,2.76411427455474,7.22947229317934,0.645886447691078,0.678417076758099,0.606497907412829,0.71759956,0.678189464387673,0.7107920281899,0.487193357872463,0.505692124694484,1.30056721000134,3.31518558298421,1.01920008981711,0.87166651537656,0.521861525657349,0.522380034157586,0.594538398349845,0.608749135403883,0.689329317255193,3.53067314035222,N/A,0.830938801209275,0.765538190914012,0.714066700093182,0.526690019005168,0.584522010925006,0.669650585568537,0.677333139812212,N/A,1.28240542484052,1.09148217101944,1.59223991075628,N/A,0.643052897171177,0.761062439028326,0.722395993471831,0.726122246774545,0.74578350465197,0.620253511205176,11.6930398695931,1.05957425481874,4.14227245689218,0.6230165940298467,1.03404942587098,0.784689716539007,0.706980022171132,0.70864612693599,0.68720458210331,0.616028684710493,0.622685108092428,0.771115474162372,2.10100941137623,1.97321814396274,3.7462169621949,1.4741674197535,0.723174643466963,0.793322702393356,0.694498182725201,0.557458735658388,0.849582784808268,0.514424728197196,4.98677200902935,0.622302945812699,0.54255680221971
47.0,N/A,N/A,0.39,0.34,0.27,0.29,0.36,0.33,0.25,0.52,4.1,4.38,2.01,4.99,0.42,0.35,0.45,0.49,0.44,0.32,1.29,2.35,1.16,0.3,0.15,0.25,0.22,0.39,0.18,0.18,0.43,0.75,1.0,0.53,0.43,0.19,0.17,0.19,0.15,0.12,0.16,0.2,2.02,6.27472989754902,2.76677723693926,9.88792394666458,0.665478745880258,0.699217531520491,0.616720653539947,0.72789384,0.6283805272709,0.862089490424279,0.462146144722798,0.456916279288629,1.12307932687438,12.0847528364977,1.03214458856041,0.954975076156747,0.534763375097676,0.526338323022303,0.682770603784795,0.686720840545865,0.76877899566744,3.67955153138899,N/A,N/A,0.722104283155939,N/A,0.52883066770621,N/A,0.639091786959502,0.589412388470592,N/A,1.29045737739278,1.24005664152589,N/A,N/A,N/A,0.82252185938389,0.768970193127277,0.697727045489834,0.766906428722026,0.682120941091378,12.5001214725221,1.09863828127432,4.25035837544995,0.6843893507213445,1.04272256395435,N/A,0.85864377380614,0.765428458931111,0.735044205884014,0.737415021016102,0.603654228559895,0.597052027375281,2.08267090664956,1.92912354071634,3.6117383540464,1.50887937682284,0.862898481882169,0.803917643783364,0.733257069878776,0.545214679281007,N/A,0.542920337926441,5.0448538109477,0.538925292422022,0.633445225096263
48.0,N/A,N/A,0.4,0.33,0.27,0.29,0.34,0.32,0.25,0.49,3.97,4.35,1.42,5.18,0.42,0.35,0.45,0.49,0.43,0.32,1.24,2.38,1.15,0.3,0.14,0.26,0.22,0.38,0.17,0.17,0.4,0.75,1.04,0.48,0.42,0.19,0.17,0.19,0.14,0.11,0.15,0.16,2.19,6.24891123180362,2.74953981283022,13.0093720090632,0.634128490081987,0.940177617247678,0.581621631724555,0.75676118,0.634319300064483,0.684246568460703,0.460862448487825,0.455510425691634,0.963626311840043,8.33689145561204,0.999353196857257,1.14426619928841,0.658588133018904,0.528432162121683,0.664802541237335,0.702530013352455,0.824449297695697,N/A,N/A,N/A,0.767142083055377,N/A,0.554403664848695,N/A,N/A,0.587235119485826,N/A,N/A,N/A,N/A,N/A,N/A,N/A,0.784021395896863,0.766131251178747,0.770182238095761,0.774983503061881,11.7052196166286,1.22903429591567,4.16839973176341,N/A,0.984326493825042,N/A,0.756859352873014,0.72747938506637,0.766467300323806,0.764563977325459,0.595051500509268,0.563958267923315,1.89842340098769,1.87717441731002,3.75353776848143,1.76603979500648,0.809263504975111,0.816634542948387,0.742733471312979,0.56900088336975,N/A,0.554602254413925,5.0795866908136,0.507983875404738,0.616254688699287
49.0,N/A,N/A,0.4,0.31,0.23,0.28,0.33,0.31,0.24,0.49,3.83,4.28,1.58,4.99,0.42,0.34,0.44,0.49,0.42,0.3,1.22,2.42,1.17,0.31,0.14,0.26,0.21,0.38,0.17,0.18,0.36,0.73,1.58,0.46,0.42,0.19,0.17,0.16,0.15,0.11,0.12,0.14,2.24,6.5211173482356,2.6887956695072,16.558055055364,0.658024568075492,1.61456122523948,0.646425420275499,0.7285121,0.632048739745116,0.674001324648504,0.488648841289549,0.455149528668862,0.810134911541631,6.20392515318098,1.18202198517798,N/A,N/A,0.556742128929609,N/A,N/A,N/A,N/A,N/A,N/A,N/A,N/A,N/A,N/A,N/A,0.887857234650704,N/A,N/A,N/A,N/A,N/A,N/A,N/A,0.741218030916352,N/A,0.798331802513069,0.917661340370826,10.7691696588541,1.21284559081788,4.17527729041989,N/A,N/A,N/A,0.690814704359454,0.719995052006592,N/A,N/A,0.682627596775998,0.652740090113211,1.5810206655884,N/A,N/A,1.58191349997415,0.751885575940474,1.10816412359816,N/A,0.660890372645416,N/A,0.69095228132469,5.07207788811687,0.542675245527082,0.619234635286497
50.0,,,0.38,0.31,0.22,0.27,0.3,0.29,0.23,0.47,3.82,4.25,1.64,5.03,0.41,0.33,0.44,0.46,0.42,0.3,1.21,2.41,1.16,0.31,0.14,0.27,0.21,0.32,0.17,0.18,0.34,0.7,1.16,0.45,0.39,0.19,0.17,0.15,0.15,0.12,0.11,0.14,2.39,7.23443185992801,2.78089579672971,,,,,0.71467703,0.598948027815753,,0.518029297251512,0.470235929480317,0.680879399822052,,,,,,,,,N/A,N/A,N/A,N/A,N/A,N/A,N/A,N/A,N/A,N/A,N/A,N/A,N/A,N/A,N/A,N/A,0.780153304396624,N/A,0.886568414905846,N/A,N/A,N/A,N/A,N/A,N/A,N/A,N/A,N/A,N/A,N/A,N/A,N/A,1.62470797104746,N/A,N/A,2.78235710829398,N/A,N/A,N/A,N/A,N/A,N/A,N/A,N/A,N/A
51.0,N/A,N/A,N/A,0.29,0.2,0.27,0.27,0.28,0.21,0.38,3.84,4.48,2.04,5.0,0.4,0.34,0.44,0.45,0.4,0.3,1.19,2.37,1.18,0.31,0.14,0.27,0.2,0.3,0.17,0.17,0.3,0.67,1.43,0.42,0.4,0.19,0.17,0.14,0.16,0.12,0.12,0.14,2.51,N/A,N/A,N/A,N/A,N/A,N/A,N/A,0.63989996378038,N/A,N/A,0.502782107932149,0.710738353708058,N/A,N/A,N/A,N/A,N/A,N/A,N/A,N/A,N/A,N/A,N/A,N/A,N/A,N/A,N/A,N/A,N/A,N/A,N/A,N/A,N/A,N/A,N/A,N/A,N/A,N/A,N/A,N/A,N/A,N/A,N/A,N/A,N/A,N/A,N/A,N/A,N/A,N/A,N/A,N/A,N/A,N/A,N/A,N/A,N/A,N/A,N/A,N/A,N/A,N/A,N/A,N/A,N/A
52.0,N/A,N/A,N/A,0.28,0.2,0.27,0.26,0.28,0.2,0.28,3.76,4.46,1.77,5.06,0.36,0.34,0.44,0.45,0.39,0.29,0.67,2.81,1.15,0.3,0.15,0.26,0.19,0.27,0.17,0.16,0.25,0.57,1.12,0.44,0.4,0.2,0.17,0.14,0.16,0.11,0.13,0.15,2.18,N/A,N/A,N/A,N/A,N/A,N/A,N/A,N/A,N/A,N/A,N/A,N/A,N/A,N/A,N/A,N/A,N/A,N/A,N/A,N/A,N/A,N/A,N/A,N/A,N/A,N/A,N/A,N/A,N/A,N/A,N/A,N/A,N/A,N/A,N/A,N/A,N/A,N/A,N/A,N/A,N/A,N/A,N/A,N/A,N/A,N/A,N/A,N/A,N/A,N/A,N/A,N/A,N/A,N/A,N/A,N/A,N/A,N/A,N/A,N/A,N/A,N/A,N/A,N/A,N/A
53.0,N/A,N/A,N/A,0.28,0.2,0.28,0.26,0.27,0.2,0.27,3.89,4.53,1.75,5.05,0.35,0.34,0.44,0.43,0.41,0.3,0.5,2.2,1.15,0.3,0.15,0.26,0.19,0.26,0.17,0.14,0.24,0.55,1.09,0.44,0.4,0.2,0.17,0.14,0.15,0.11,0.14,0.15,2.84,N/A,N/A,N/A,N/A,N/A,N/A,N/A,N/A,N/A,N/A,N/A,N/A,N/A,N/A,N/A,N/A,N/A,N/A,N/A,N/A,N/A,N/A,N/A,N/A,N/A,N/A,N/A,N/A,N/A,N/A,N/A,N/A,N/A,N/A,N/A,N/A,N/A,N/A,N/A,N/A,N/A,N/A,N/A,N/A,N/A,N/A,N/A,N/A,N/A,N/A,N/A,N/A,N/A,N/A,N/A,N/A,N/A,N/A,N/A,N/A,N/A,N/A,N/A,N/A,N/A
54.0,N/A,N/A,N/A,0.28,0.19,0.28,0.27,0.26,0.2,0.28,4.05,4.52,1.72,4.92,0.33,0.35,0.43,0.41,0.44,0.3,0.56,2.49,1.15,0.3,0.15,0.26,0.18,0.27,0.17,0.14,0.24,0.5,1.42,0.43,0.38,0.2,0.18,0.14,0.15,0.13,0.14,0.14,2.63,N/A,N/A,N/A,N/A,N/A,N/A,N/A,N/A,N/A,N/A,N/A,N/A,N/A,N/A,N/A,N/A,N/A,N/A,N/A,N/A,N/A,N/A,N/A,N/A,N/A,N/A,N/A,N/A,N/A,N/A,N/A,N/A,N/A,N/A,N/A,N/A,N/A,N/A,N/A,N/A,N/A,N/A,N/A,N/A,N/A,N/A,N/A,N/A,N/A,N/A,N/A,N/A,N/A,N/A,N/A,N/A,N/A,N/A,N/A,N/A,N/A,N/A,N/A,N/A,N/A
55.0,N/A,N/A,N/A,0.28,0.19,0.28,N/A,0.25,0.2,0.27,4.16,4.49,1.71,4.95,0.31,0.34,0.43,0.41,0.44,0.3,0.56,2.4,1.13,0.34,0.14,0.28,0.18,0.27,0.18,N/A,0.22,0.48,1.14,0.43,0.37,0.19,0.18,0.14,0.15,0.14,0.15,0.16,1.91,N/A,N/A,N/A,N/A,N/A,N/A,N/A,N/A,N/A,N/A,N/A,N/A,N/A,N/A,N/A,N/A,N/A,N/A,N/A,N/A,N/A,N/A,N/A,N/A,N/A,N/A,N/A,N/A,N/A,N/A,N/A,N/A,N/A,N/A,N/A,N/A,N/A,N/A,N/A,N/A,N/A,N/A,N/A,N/A,N/A,N/A,N/A,N/A,N/A,N/A,N/A,N/A,N/A,N/A,N/A,N/A,N/A,N/A,N/A,N/A,N/A,N/A,N/A,N/A,N/A
56.0,N/A,N/A,N/A,0.28,0.19,0.27,N/A,0.24,N/A,N/A,4.29,4.45,1.72,4.84,0.32,0.34,0.42,0.4,0.44,0.32,0.57,2.32,1.11,0.35,0.15,0.29,0.18,0.25,0.18,N/A,0.2,0.39,1.15,0.41,0.37,0.18,0.19,0.14,0.14,0.16,0.15,0.17,2.09,N/A,N/A,N/A,N/A,N/A,N/A,N/A,N/A,N/A,N/A,N/A,N/A,N/A,N/A,N/A,N/A,N/A,N/A,N/A,N/A,N/A,N/A,N/A,N/A,N/A,N/A,N/A,N/A,N/A,N/A,N/A,N/A,N/A,N/A,N/A,N/A,N/A,N/A,N/A,N/A,N/A,N/A,N/A,N/A,N/A,N/A,N/A,N/A,N/A,N/A,N/A,N/A,N/A,N/A,N/A,N/A,N/A,N/A,N/A,N/A,N/A,N/A,N/A,N/A,N/A
57.0,N/A,N/A,N/A,0.27,0.19,0.27,N/A,0.24,N/A,N/A,4.51,4.36,1.72,4.88,0.31,0.33,0.41,0.4,0.47,0.32,0.56,2.37,1.15,0.39,0.15,0.28,0.18,0.24,0.19,N/A,0.19,0.37,1.16,0.38,0.35,0.17,2.42,0.17,0.15,0.17,0.14,0.18,1.52,N/A,N/A,N/A,N/A,N/A,N/A,N/A,N/A,N/A,N/A,N/A,N/A,N/A,N/A,N/A,N/A,N/A,N/A,N/A,N/A,N/A,N/A,N/A,N/A,N/A,N/A,N/A,N/A,N/A,N/A,N/A,N/A,N/A,N/A,N/A,N/A,N/A,N/A,N/A,N/A,N/A,N/A,N/A,N/A,N/A,N/A,N/A,N/A,N/A,N/A,N/A,N/A,N/A,N/A,N/A,N/A,N/A,N/A,N/A,N/A,N/A,N/A,N/A,N/A,N/A
58.0,N/A,N/A,N/A,0.35,0.19,0.27,N/A,0.24,N/A,N/A,N/A,4.33,1.62,4.95,0.31,2.11,0.41,0.41,0.49,0.33,N/A,2.37,1.72,0.01,N/A,,N/A,,N/A,N/A,0.19,N/A,N/A,N/A,N/A,N/A,N/A,N/A,N/A,N/A,N/A,0.93,N/A,N/A,N/A,N/A,N/A,N/A,N/A,N/A,N/A,N/A,N/A,N/A,N/A,N/A,N/A,N/A,N/A,N/A,N/A,N/A,N/A,N/A,N/A,N/A,N/A,N/A,N/A,N/A,N/A,N/A,N/A,N/A,N/A,N/A,N/A,N/A,N/A,N/A,N/A,N/A,N/A,N/A,N/A,N/A,N/A,N/A,N/A,N/A,N/A,N/A,N/A,N/A,N/A,N/A,N/A,N/A,N/A,N/A,N/A,N/A,N/A,N/A,N/A,N/A,N/A,N/A
